%YAML:1.0
---
CM1: !!opencv-matrix
   rows: 3
   cols: 3
   dt: d
   data: [ 617.42878130932684, 0., 642.2718200125114, 0.,
       617.29015239927173, 363.80299163353533, 0., 0., 1. ]
CM2: !!opencv-matrix
   rows: 3
   cols: 3
   dt: d
   data: [ 548.37203238101313, 0., 365.85258441876891, 0.,
       599.9482453289462, 284.08733465557918, 0., 0., 1. ]
D1: !!opencv-matrix
   rows: 5
   cols: 1
   dt: d
   data: [ 0.075915592565174342, 0.022931204359232262,
       -0.00054652127038301709, 4.6064290895268158e-05,
       -0.13386696575246246 ]
D2: !!opencv-matrix
   rows: 5
   cols: 1
   dt: d
   data: [ -0.32419794104559779, 0.057335553109554259,
       0.00025176494318400396, 0.00054960459100532007,
       0.21898140369075486 ]
R: !!opencv-matrix
   rows: 3
   cols: 3
   dt: d
   data: [ 0.99998104283156541, 0.0047438021250982027,
       0.0039255979025792009, -0.0047992718819899419,
       0.99988703702946102, 0.014243601014066696, -0.0038575856306193872,
       -0.01426217100735701, 0.99989084879863721 ]
T: !!opencv-matrix
   rows: 3
   cols: 1
   dt: d
   data: [ -37.387406251401018, 33.603738552116432, -0.10480934241620324 ]
R1: !!opencv-matrix
   rows: 3
   cols: 3
   dt: d
   data: [ 0.74692278266604595, -0.66489544491933061,
       -0.0045170853363665593, 0.66491040707446591, 0.74689784079978749,
       0.0061454025647882903, -0.00071224888808273036,
       -0.0075935982340883191, 0.99997091456070897 ]
R2: !!opencv-matrix
   rows: 3
   cols: 3
   dt: d
   data: [ 0.74373675843975118, -0.66846936142491642,
       0.0020849416527766807, 0.66846506219971846, 0.74370991584249291,
       -0.0070726017757659874, 0.003177225811535977,
       0.0066538645700495698, 0.99997281529170878 ]
P1: !!opencv-matrix
   rows: 3
   cols: 4
   dt: d
   data: [ 6653.4558168525155, 0., 712.43372440338135, 0., 0.,
       6653.4558168525155, 400.33910036087036, 0., 0., 0., 1., 0. ]
P2: !!opencv-matrix
   rows: 3
   cols: 4
   dt: d
   data: [ 6653.4558168525155, 0., 712.43372440338135,
       -334467.07155131613, 0., 6653.4558168525155, 400.33910036087036,
       0., 0., 0., 1., 0. ]
Q: !!opencv-matrix
   rows: 4
   cols: 4
   dt: d
   data: [ 1., 0., 0., -712.43372440338135, 0., 1., 0.,
       -400.33910036087036, 0., 0., 0., 6653.4558168525155, 0., 0.,
       0.019892708080328017, 0. ]
