%YAML:1.0
---
CM: !!opencv-matrix
   rows: 3
   cols: 3
   dt: d
   data: [ 494.45892835838947, 0., 322.47471602482068, 0.,
       494.09869728769286, 244.22155232798596, 0., 0., 1. ]
CMT: !!opencv-matrix
   rows: 3
   cols: 3
   dt: d
   data: [ 0., 0., 0., 0., 0., 0., 0., 0., 0. ]
D: [ -2.4964366, 70.6211853, 0.000720123819, -0.000753434841, 10.7389231,
    -2.05804014, 69.6670074, 43.1584473, 0., 0., 0., 0., 0., 0. ]
R:
   - !!opencv-matrix
      rows: 3
      cols: 1
      dt: d
      data: [ 0.18488460137955195, 0.068619870777231501,
          3.0843822170769393 ]
   - !!opencv-matrix
      rows: 3
      cols: 1
      dt: d
      data: [ 0.0063082347655316401, -0.082859652032386599,
          3.1006586199943853 ]
   - !!opencv-matrix
      rows: 3
      cols: 1
      dt: d
      data: [ 0.12694455810592573, 0.089704439353824536,
          3.1052541047573556 ]
   - !!opencv-matrix
      rows: 3
      cols: 1
      dt: d
      data: [ 0.19470912332175735, 0.062497481851065628,
          3.0970388343389827 ]
   - !!opencv-matrix
      rows: 3
      cols: 1
      dt: d
      data: [ 0.11832736254530292, 0.16211579607228727,
          3.1091058514984011 ]
   - !!opencv-matrix
      rows: 3
      cols: 1
      dt: d
      data: [ 0.208370746987289, 0.16012382705607206, 3.0713143228367463 ]
   - !!opencv-matrix
      rows: 3
      cols: 1
      dt: d
      data: [ 0.17927839974648782, 0.21597661601366103,
          3.088467678344486 ]
   - !!opencv-matrix
      rows: 3
      cols: 1
      dt: d
      data: [ -0.023450761840221719, 0.19795552422282703,
          3.1188042790315853 ]
   - !!opencv-matrix
      rows: 3
      cols: 1
      dt: d
      data: [ -0.050674854888438224, 0.20134430426816541,
          3.1140659717714754 ]
   - !!opencv-matrix
      rows: 3
      cols: 1
      dt: d
      data: [ -0.0014052470779687331, 0.24089055213573757,
          3.0840497532526099 ]
   - !!opencv-matrix
      rows: 3
      cols: 1
      dt: d
      data: [ -0.54460978967388396, 0.2520638428406764,
          -0.088646932051009125 ]
   - !!opencv-matrix
      rows: 3
      cols: 1
      dt: d
      data: [ -0.40550511689476204, 0.0049473079919977259,
          0.0041605596767908641 ]
   - !!opencv-matrix
      rows: 3
      cols: 1
      dt: d
      data: [ -0.42349946851316156, 0.0041185145917067038,
          -0.0027910932458789102 ]
   - !!opencv-matrix
      rows: 3
      cols: 1
      dt: d
      data: [ -0.40926415467577415, 0.0074880325220775508,
          -0.008320741503739645 ]
   - !!opencv-matrix
      rows: 3
      cols: 1
      dt: d
      data: [ -0.41725918922337613, 0.026733337200598114,
          -0.03308649609894751 ]
   - !!opencv-matrix
      rows: 3
      cols: 1
      dt: d
      data: [ -0.41958159608131251, -0.021658291043711614,
          -0.42465163680638124 ]
   - !!opencv-matrix
      rows: 3
      cols: 1
      dt: d
      data: [ -0.42061334132578393, -0.0096806281319601218,
          -0.42792121720100113 ]
   - !!opencv-matrix
      rows: 3
      cols: 1
      dt: d
      data: [ -0.34838060676292532, 0.17879879715942937,
          -0.14273544893416701 ]
   - !!opencv-matrix
      rows: 3
      cols: 1
      dt: d
      data: [ -0.34584708124521485, 0.1939939605853401,
          -0.15329768133634475 ]
   - !!opencv-matrix
      rows: 3
      cols: 1
      dt: d
      data: [ -0.42616070236090564, 0.168336328723316,
          -0.22717390636382892 ]
   - !!opencv-matrix
      rows: 3
      cols: 1
      dt: d
      data: [ -0.43950067000416704, 0.17087260504838117,
          -0.23380316118539701 ]
   - !!opencv-matrix
      rows: 3
      cols: 1
      dt: d
      data: [ -0.5519192286937441, 0.27142932626279309,
          -0.086861872200459961 ]
   - !!opencv-matrix
      rows: 3
      cols: 1
      dt: d
      data: [ -0.30712753054386033, 0.22189202748202946,
          -0.068112529958507584 ]
   - !!opencv-matrix
      rows: 3
      cols: 1
      dt: d
      data: [ -0.31494520567202361, 0.30375166428685496,
          -0.06529903492408945 ]
   - !!opencv-matrix
      rows: 3
      cols: 1
      dt: d
      data: [ -0.34580401982081271, 0.0043626499242528424,
          -0.22463534382472872 ]
   - !!opencv-matrix
      rows: 3
      cols: 1
      dt: d
      data: [ -0.35739483540805328, 0.031651858947677004,
          -0.20062870925062429 ]
   - !!opencv-matrix
      rows: 3
      cols: 1
      dt: d
      data: [ -0.39057066673632224, 0.07260897260213664,
          -0.21454619067105107 ]
   - !!opencv-matrix
      rows: 3
      cols: 1
      dt: d
      data: [ -0.4176990918237955, 0.053648040335093822,
          -0.22915025786093687 ]
   - !!opencv-matrix
      rows: 3
      cols: 1
      dt: d
      data: [ -0.40014213051436454, -0.023000608620230966,
          -0.21880295897039681 ]
   - !!opencv-matrix
      rows: 3
      cols: 1
      dt: d
      data: [ -0.37925842577856789, 0.056297472008196056,
          -0.01725854439766826 ]
