%YAML:1.0
---
CM: !!opencv-matrix
   rows: 3
   cols: 3
   dt: d
   data: [ 540.17684042497206, 0., 365.55633849231856, 0.,
       591.23895806296878, 280.24844471404464, 0., 0., 1. ]
CMT: !!opencv-matrix
   rows: 3
   cols: 3
   dt: d
   data: [ 873.35414236532176, 0., 639.11111111111109, 0.,
       687.64469286165604, 351.04795737122555, 0., 0., 1. ]
D: [ -12.9147892, 55.431675, -4.72523061e-05, -0.000142715871,
    13.1459684, -12.5980759, 51.2571411, 31.7186985, 0., 0., 0., 0., 0.,
    0. ]
R:
   - !!opencv-matrix
      rows: 3
      cols: 1
      dt: d
      data: [ -0.081295731910882449, 0.037710154791517986,
          -0.013259216203060824 ]
   - !!opencv-matrix
      rows: 3
      cols: 1
      dt: d
      data: [ -0.16712228181221364, -0.30186837851786363,
          -0.10640148256832044 ]
   - !!opencv-matrix
      rows: 3
      cols: 1
      dt: d
      data: [ 0.15942012979201431, 0.2199950037857841,
          -0.030287292014957543 ]
   - !!opencv-matrix
      rows: 3
      cols: 1
      dt: d
      data: [ -0.67133361940928138, -0.1142123483885569,
          -0.036864627101293332 ]
   - !!opencv-matrix
      rows: 3
      cols: 1
      dt: d
      data: [ 0.53637077343712825, 0.20587716765279687,
          -0.24441854093829316 ]
   - !!opencv-matrix
      rows: 3
      cols: 1
      dt: d
      data: [ 0.34514683606475471, 0.18964933086196709,
          0.1103553382057952 ]
   - !!opencv-matrix
      rows: 3
      cols: 1
      dt: d
      data: [ -0.24698069634091177, -0.38884177257653652,
          -0.074278826566648457 ]
   - !!opencv-matrix
      rows: 3
      cols: 1
      dt: d
      data: [ 0.0775962186549152, -0.013844362191531226,
          0.019987225034036674 ]
   - !!opencv-matrix
      rows: 3
      cols: 1
      dt: d
      data: [ 0.081931709859504404, -0.10404825012837472,
          -0.036163669836939263 ]
   - !!opencv-matrix
      rows: 3
      cols: 1
      dt: d
      data: [ 0.12076436582846577, 0.038848926439205234,
          0.0027231187222266605 ]
   - !!opencv-matrix
      rows: 3
      cols: 1
      dt: d
      data: [ 0.099356649837870098, 0.19483162356584313,
          -0.022945460492758939 ]
   - !!opencv-matrix
      rows: 3
      cols: 1
      dt: d
      data: [ 0.20588366969069832, -0.095749292990949503,
          0.0055832455305903994 ]
   - !!opencv-matrix
      rows: 3
      cols: 1
      dt: d
      data: [ 0.16788587980570013, -0.062745912344442933,
          -0.028440386731469324 ]
   - !!opencv-matrix
      rows: 3
      cols: 1
      dt: d
      data: [ -0.0037723905986934716, 0.055153183115437265,
          -0.0287156432714969 ]
   - !!opencv-matrix
      rows: 3
      cols: 1
      dt: d
      data: [ 0.02049294208829635, -0.11630376152781149,
          0.051455878559238874 ]
   - !!opencv-matrix
      rows: 3
      cols: 1
      dt: d
      data: [ -0.055107062950582167, 0.16669595986498972,
          -0.014365815223583175 ]
   - !!opencv-matrix
      rows: 3
      cols: 1
      dt: d
      data: [ -0.57039396595866798, 0.26696968636238083,
          0.059242716962058184 ]
   - !!opencv-matrix
      rows: 3
      cols: 1
      dt: d
      data: [ -0.26623704672915538, -0.51227237109558665,
          -0.35792244563619602 ]
T:
   - !!opencv-matrix
      rows: 3
      cols: 1
      dt: d
      data: [ -105.41109388087581, -73.134456373156709,
          194.5471712217427 ]
   - !!opencv-matrix
      rows: 3
      cols: 1
      dt: d
      data: [ -48.96165847230597, -67.11696490337583, 215.38592440382621 ]
   - !!opencv-matrix
      rows: 3
      cols: 1
      dt: d
      data: [ -142.9174448972002, -59.952218898779741,
          211.84125321395706 ]
   - !!opencv-matrix
      rows: 3
      cols: 1
      dt: d
      data: [ -96.351812568588201, -65.067436578830183,
          245.65702685600266 ]
   - !!opencv-matrix
      rows: 3
      cols: 1
      dt: d
      data: [ -87.577745517844605, -33.238939977121085,
          215.17460181357905 ]
   - !!opencv-matrix
      rows: 3
      cols: 1
      dt: d
      data: [ -134.08357195929918, -78.656840959725415,
          193.99405353519006 ]
   - !!opencv-matrix
      rows: 3
      cols: 1
      dt: d
      data: [ -118.47889247432396, -63.438431320204984,
          209.29655925195192 ]
   - !!opencv-matrix
      rows: 3
      cols: 1
      dt: d
      data: [ -118.66784229596311, -64.077539719567014,
          176.28973421617067 ]
   - !!opencv-matrix
      rows: 3
      cols: 1
      dt: d
      data: [ -78.114472134476287, -60.291022471219648,
          169.98222379745911 ]
   - !!opencv-matrix
      rows: 3
      cols: 1
      dt: d
      data: [ -101.74716138177583, -61.236964859353925,
          251.77905713325742 ]
   - !!opencv-matrix
      rows: 3
      cols: 1
      dt: d
      data: [ -7.5812955969757008, -114.16267786846788,
          322.06108173456363 ]
   - !!opencv-matrix
      rows: 3
      cols: 1
      dt: d
      data: [ -118.95932831998, -112.18197291447596, 303.76757042076542 ]
   - !!opencv-matrix
      rows: 3
      cols: 1
      dt: d
      data: [ -267.46855406641009, -152.7315292531986,
          367.09091263767021 ]
   - !!opencv-matrix
      rows: 3
      cols: 1
      dt: d
      data: [ -234.64338323236939, 9.2028029353453977,
          328.78703735408516 ]
   - !!opencv-matrix
      rows: 3
      cols: 1
      dt: d
      data: [ -113.1718773119177, -4.650357763695756, 287.99877756268307 ]
   - !!opencv-matrix
      rows: 3
      cols: 1
      dt: d
      data: [ -20.254373123397794, -11.674922616898957,
          306.24030598103707 ]
   - !!opencv-matrix
      rows: 3
      cols: 1
      dt: d
      data: [ -102.28911766526025, -83.404885963460586, 410.913801727985 ]
   - !!opencv-matrix
      rows: 3
      cols: 1
      dt: d
      data: [ -91.830024054472304, -46.988564748178888,
          297.45477298203451 ]
