%YAML:1.0
---
CM1: !!opencv-matrix
   rows: 3
   cols: 3
   dt: d
   data: [ 610.1586571166871, 0., 629.23757219537015, 0.,
       606.94215083003451, 353.00442395761615, 0., 0., 1. ]
CM2: !!opencv-matrix
   rows: 3
   cols: 3
   dt: d
   data: [ 620.83775934981759, 0., 616.78197046433979, 0.,
       621.62791087623134, 372.48341055575588, 0., 0., 1. ]
D1: [ -6.04280281, 18.120245, -0.00749132596, -0.0124725439, -27.1121426,
    -6.05105734, 17.9381618, -26.4882107, 0., 0., 0., 0., 0., 0. ]
D2: [ 10.8247433, -145.367676, 0.0116247544, -0.00463103782, 711.276245,
    10.6912937, -144.259995, 708.676208, 0., 0., 0., 0., 0., 0. ]
R: !!opencv-matrix
   rows: 3
   cols: 3
   dt: d
   data: [ 0.99989228028805954, 0.0061326685638553452,
       0.013334848954167217, -0.0055516529359065474, 0.99905188267067901,
       -0.043180028738424484, -0.013587014757620391,
       0.043101346944820929, 0.99897831153710159 ]
T: [ -37.653740134666485, 3.0212942271104852, 3.8984422334931836 ]
E: !!opencv-matrix
   rows: 3
   cols: 3
   dt: d
   data: [ -0.019407570979828946, -3.7645242021491785,
       3.1865422533329482, 3.3864203715294585, 1.6468347714477383,
       37.667254881126098, -2.8119282772001699, -37.636568567259822,
       1.5856010789594503 ]
F: !!opencv-matrix
   rows: 3
   cols: 3
   dt: d
   data: [ -4.6131017054950727e-08, -8.9955437109748342e-06,
       0.0078260084418158727, 8.0391536896959156e-06,
       3.9302028817322226e-06, 0.048114315870493335,
       -0.007115579241086357, -0.051750510911341183, 1. ]
R1: !!opencv-matrix
   rows: 3
   cols: 3
   dt: d
   data: [ 0.9932597356151539, -0.077827769987176873,
       -0.085894911517141889, 0.075967973849892387, 0.99680385302700736,
       -0.024717312549193671, 0.087544072071480725, 0.018025448935756177,
       0.99599754951295338 ]
R2: !!opencv-matrix
   rows: 3
   cols: 3
   dt: d
   data: [ 0.99153005437314334, -0.07955926870930069,
       -0.10265707007913606, 0.081743256626024982, 0.99650431246117055,
       0.017239351567319663, 0.10092666283476921, -0.025484858420856855,
       0.99456740883677952 ]
P1: !!opencv-matrix
   rows: 3
   cols: 4
   dt: d
   data: [ 614.28503085313287, 0., 724.0487060546875, 0., 0.,
       614.28503085313287, 369.1334342956543, 0., 0., 0., 1., 0. ]
P2: !!opencv-matrix
   rows: 3
   cols: 4
   dt: d
   data: [ 614.28503085313287, 0., 724.0487060546875,
       -23327.713384323564, 0., 614.28503085313287, 369.1334342956543,
       0., 0., 0., 1., 0. ]
Q: !!opencv-matrix
   rows: 4
   cols: 4
   dt: d
   data: [ 1., 0., 0., -724.0487060546875, 0., 1., 0.,
       -369.1334342956543, 0., 0., 0., 614.28503085313287, 0., 0.,
       0.026332843718233349, 0. ]
