%YAML:1.0
---
CM1: !!opencv-matrix
   rows: 3
   cols: 3
   dt: f
   data: [ 5.78754639e+02, 0., 6.39500000e+02, 0., 5.78632996e+02,
       3.59500000e+02, 0., 0., 1. ]
CM2: !!opencv-matrix
   rows: 3
   cols: 3
   dt: f
   data: [ 5.78755859e+02, 0., 6.39500000e+02, 0., 5.78621948e+02,
       3.59500000e+02, 0., 0., 1. ]
D1: [ 7.45012909e-02, -6.56064227e-02, 6.46831060e-04, -1.44888239e-03,
    3.72916982e-02 ]
D2: [ 7.44919106e-02, -6.55658469e-02, 6.54213247e-04, -1.45882054e-03,
    3.72641198e-02 ]
RV1:
   - !!opencv-matrix
      rows: 3
      cols: 1
      dt: d
      data: [ -2.1670418808299940e-01, 8.2331731704872166e-02,
          8.3462695189162328e-02 ]
   - !!opencv-matrix
      rows: 3
      cols: 1
      dt: d
      data: [ -2.0697025662124829e-01, 3.2130990532390829e-03,
          5.4217399389566073e-02 ]
   - !!opencv-matrix
      rows: 3
      cols: 1
      dt: d
      data: [ -1.7212090525338838e-01, 2.4451462363215562e-01,
          -6.1205740368255136e-02 ]
   - !!opencv-matrix
      rows: 3
      cols: 1
      dt: d
      data: [ -2.3798184485365559e-01, 5.2070831907401294e-01,
          -9.3791480193704466e-02 ]
   - !!opencv-matrix
      rows: 3
      cols: 1
      dt: d
      data: [ -1.5580032839160751e-01, 6.1267943495351619e-02,
          -9.9946789493294969e-03 ]
   - !!opencv-matrix
      rows: 3
      cols: 1
      dt: d
      data: [ -1.2676640844952025e-01, -2.6528208376154255e-02,
          -2.7145211048851541e-03 ]
   - !!opencv-matrix
      rows: 3
      cols: 1
      dt: d
      data: [ -1.2847374092672742e-01, -4.5649239776293815e-02,
          7.5845529748039893e-04 ]
   - !!opencv-matrix
      rows: 3
      cols: 1
      dt: d
      data: [ -1.0641566912727886e-01, -4.1521573473764901e-02,
          -7.8274135584358705e-03 ]
   - !!opencv-matrix
      rows: 3
      cols: 1
      dt: d
      data: [ -1.1908952586787995e-01, 1.1113670068854126e-03,
          -9.7420174414240591e-03 ]
   - !!opencv-matrix
      rows: 3
      cols: 1
      dt: d
      data: [ -9.6813785274548939e-02, 2.6186789580877638e-03,
          -2.6235614507507422e-02 ]
   - !!opencv-matrix
      rows: 3
      cols: 1
      dt: d
      data: [ -1.2663664136000741e-01, 6.5811063390913707e-02,
          -5.4256212560891085e-03 ]
   - !!opencv-matrix
      rows: 3
      cols: 1
      dt: d
      data: [ -9.6931108174431471e-02, 6.4368882881347858e-02,
          -2.1951238936506561e-02 ]
   - !!opencv-matrix
      rows: 3
      cols: 1
      dt: d
      data: [ -8.9888926575494951e-02, 7.0969865318511086e-02,
          -3.6475433468037097e-02 ]
   - !!opencv-matrix
      rows: 3
      cols: 1
      dt: d
      data: [ -5.6948296534077514e-02, 7.3945932190136857e-02,
          -4.3363615762603114e-02 ]
   - !!opencv-matrix
      rows: 3
      cols: 1
      dt: d
      data: [ -5.9862356533801377e-02, 4.4210678479709761e-02,
          -2.1655800530525980e-02 ]
   - !!opencv-matrix
      rows: 3
      cols: 1
      dt: d
      data: [ -3.9547449768157251e-02, 9.1545719118076407e-02,
          -2.5750733127870816e-02 ]
   - !!opencv-matrix
      rows: 3
      cols: 1
      dt: d
      data: [ -6.4626347100882789e-02, 1.8758928169480896e-03,
          6.2366407755517959e-02 ]
   - !!opencv-matrix
      rows: 3
      cols: 1
      dt: d
      data: [ -8.2737479191869176e-02, 1.6614840272808403e-02,
          5.1971290879124263e-02 ]
   - !!opencv-matrix
      rows: 3
      cols: 1
      dt: d
      data: [ -8.0600172476699539e-02, 2.3476756978441683e-02,
          5.3605859527966336e-02 ]
   - !!opencv-matrix
      rows: 3
      cols: 1
      dt: d
      data: [ -7.8099566836729001e-02, 4.6539577034099911e-03,
          5.9196133813164402e-02 ]
   - !!opencv-matrix
      rows: 3
      cols: 1
      dt: d
      data: [ -8.1451502750537572e-02, -2.1616033198739421e-02,
          3.8426726461937753e-02 ]
   - !!opencv-matrix
      rows: 3
      cols: 1
      dt: d
      data: [ -1.0197142714709957e-01, -5.1671733976011457e-02,
          5.2044247987727096e-02 ]
   - !!opencv-matrix
      rows: 3
      cols: 1
      dt: d
      data: [ -9.6825789244412624e-02, -5.4623842062137544e-02,
          3.6216215803797976e-02 ]
   - !!opencv-matrix
      rows: 3
      cols: 1
      dt: d
      data: [ -1.0698500247571466e-01, -2.2166845077853686e-02,
          1.4739538236166161e-02 ]
   - !!opencv-matrix
      rows: 3
      cols: 1
      dt: d
      data: [ -1.0599393547002213e-01, -1.3982335580062859e-02,
          5.1390598492989881e-02 ]
   - !!opencv-matrix
      rows: 3
      cols: 1
      dt: d
      data: [ -1.2354424666260241e-01, 6.6937098742268089e-03,
          2.9083534821886223e-02 ]
   - !!opencv-matrix
      rows: 3
      cols: 1
      dt: d
      data: [ -1.1482909802847018e-01, 3.8362955505199949e-02,
          1.3055653510659565e-02 ]
   - !!opencv-matrix
      rows: 3
      cols: 1
      dt: d
      data: [ -1.2515201553029154e-01, 1.0570859333647432e-01,
          7.2873196544455112e-03 ]
   - !!opencv-matrix
      rows: 3
      cols: 1
      dt: d
      data: [ -9.2801477973510030e-02, 1.8290237958470432e-01,
          -2.0202120561895322e-03 ]
   - !!opencv-matrix
      rows: 3
      cols: 1
      dt: d
      data: [ -1.0180850727726726e-01, 2.5680748401960052e-01,
          -9.7534059478057572e-03 ]
