%YAML:1.0
---
CM1: !!opencv-matrix
   rows: 3
   cols: 3
   dt: d
   data: [ 616.83812970022848, 0., 642.25920729309848, 0.,
       616.71939078669755, 363.84877417122362, 0., 0., 1. ]
CM2: !!opencv-matrix
   rows: 3
   cols: 3
   dt: d
   data: [ 488.53731242345032, 0., 327.08186499821784, 0.,
       488.33828947960109, 248.70193404588835, 0., 0., 1. ]
D1: !!opencv-matrix
   rows: 5
   cols: 1
   dt: d
   data: [ 0.077541235935845942, 0.014275508387710491,
       -0.00055438464651267315, 3.5379969641387616e-06,
       -0.12056052321668469 ]
D2: !!opencv-matrix
   rows: 5
   cols: 1
   dt: d
   data: [ -0.4641250523598191, 0.28086592833878032,
       -0.00046062891259572412, -0.00028060277750667945,
       -0.098626259941141325 ]
R: !!opencv-matrix
   rows: 3
   cols: 3
   dt: d
   data: [ 0.99999881765681575, 0.0013717624059706853,
       -0.00069494810788961307, -0.0013743948564435803,
       0.99999182874961934, -0.0038017723195515941,
       0.00068972730095057599, 0.0038027229576569439,
       0.99999253175929159 ]
T: !!opencv-matrix
   rows: 3
   cols: 1
   dt: d
   data: [ -36.668497961956788, -1.895040012016274, 0.25698835425100697 ]
R1: !!opencv-matrix
   rows: 3
   cols: 3
   dt: d
   data: [ 0.99856584005657267, 0.052953050730075286,
       -0.007889074121170004, -0.052967902703348523, 0.99859479277513341,
       -0.0016855638810223481, 0.0077887325875168395,
       0.0021010142232917401, 0.99996746016253624 ]
R2: !!opencv-matrix
   rows: 3
   cols: 3
   dt: d
   data: [ 0.99864278091046355, 0.051610186746672067,
       -0.0069989113002963633, -0.051596833902158488,
       0.99866583995019065, 0.0020752946424725705, 0.0070966799764996969,
       -0.0017113563491100573, 0.99997335384136987 ]
P1: !!opencv-matrix
   rows: 3
   cols: 4
   dt: d
   data: [ 819.66958968503116, 0., 471.63463973999023, 0., 0.,
       819.66958968503116, 307.65673828125, 0., 0., 0., 1., 0. ]
P2: !!opencv-matrix
   rows: 3
   cols: 4
   dt: d
   data: [ 819.66958968503116, 0., 471.63463973999023,
       -30096.900767100506, 0., 819.66958968503116, 307.65673828125, 0.,
       0., 0., 1., 0. ]
Q: !!opencv-matrix
   rows: 4
   cols: 4
   dt: d
   data: [ 1., 0., 0., -471.63463973999023, 0., 1., 0., -307.65673828125,
       0., 0., 0., 819.66958968503116, 0., 0., 0.027234352002815768, 0. ]
