%YAML:1.0
---
CM1: !!opencv-matrix
   rows: 3
   cols: 3
   dt: d
   data: [ 617.42878130932684, 0., 642.2718200125114, 0.,
       617.29015239927173, 363.80299163353533, 0., 0., 1. ]
CM2: !!opencv-matrix
   rows: 3
   cols: 3
   dt: d
   data: [ 548.37203238101313, 0., 365.85258441876891, 0.,
       599.9482453289462, 284.08733465557918, 0., 0., 1. ]
D1: !!opencv-matrix
   rows: 5
   cols: 1
   dt: d
   data: [ 0.075915592565174342, 0.022931204359232262,
       -0.00054652127038301709, 4.6064290895268158e-05,
       -0.13386696575246246 ]
D2: !!opencv-matrix
   rows: 5
   cols: 1
   dt: d
   data: [ -0.32419794104559779, 0.057335553109554259,
       0.00025176494318400396, 0.00054960459100532007,
       0.21898140369075486 ]
R: !!opencv-matrix
   rows: 3
   cols: 3
   dt: d
   data: [ 0.99997930038253935, 0.0051140978690034254,
       0.0039044601973449097, -0.0051831487165579842,
       0.99982662057337202, 0.017884735452690793, -0.0038123189568082774,
       -0.017904602643369343, 0.99983243167460545 ]
T: !!opencv-matrix
   rows: 3
   cols: 1
   dt: d
   data: [ -37.162337777782376, 30.045157597823405, -0.51065898415970423 ]
R1: !!opencv-matrix
   rows: 3
   cols: 3
   dt: d
   data: [ 0.78079741746745568, -0.62477937162440478,
       0.0024758167875909044, 0.62472653734932926, 0.78077300223292734,
       0.010501072121379258, -0.0084939041476039222,
       -0.0066525015441894157, 0.99994179721398579 ]
R2: !!opencv-matrix
   rows: 3
   cols: 3
   dt: d
   data: [ 0.7775957391346805, -0.62867375753914756,
       0.010685179511791359, 0.62874755631401236, 0.777587390604071,
       -0.0058617747065055174, -0.0046235169241231723,
       0.0112763715423615, 0.99992573051006683 ]
P1: !!opencv-matrix
   rows: 3
   cols: 4
   dt: d
   data: [ 5541.4550523493726, 0., 706.84391927719116, 0., 0.,
       5541.4550523493726, 393.15692472457886, 0., 0., 0., 1., 0. ]
P2: !!opencv-matrix
   rows: 3
   cols: 4
   dt: d
   data: [ 5541.4550523493726, 0., 706.84391927719116,
       -264833.52990716195, 0., 5541.4550523493726, 393.15692472457886,
       0., 0., 0., 1., 0. ]
Q: !!opencv-matrix
   rows: 4
   cols: 4
   dt: d
   data: [ 1., 0., 0., -706.84391927719116, 0., 1., 0.,
       -393.15692472457886, 0., 0., 0., 5541.4550523493726, 0., 0.,
       0.0209242955538596, 0. ]
