%YAML:1.0
---
CM1: !!opencv-matrix
   rows: 3
   cols: 3
   dt: d
   data: [ 618.78410477698776, 0., 641.91975906649213, 0.,
       618.57440160454519, 363.83094942464749, 0., 0., 1. ]
CM2: !!opencv-matrix
   rows: 3
   cols: 3
   dt: d
   data: [ 637.15302102184648, 0., 639.7430291916744, 0.,
       697.56305345695864, 355.93676720194952, 0., 0., 1. ]
D1: !!opencv-matrix
   rows: 14
   cols: 1
   dt: d
   data: [ 8.5682792699999997, 14.9251194, 0.00016405120600000001,
       -0.00052587222300000001, 73.124984699999999, 8.5027942700000008,
       14.697323799999999, 67.073005699999996, 0., 0., 0., 0., 0., 0. ]
D2: !!opencv-matrix
   rows: 14
   cols: 1
   dt: d
   data: [ -7.8671007199999998, 111.908852, 0.0024167827800000001,
       0.00037363404400000001, 160.41708399999999, -7.9158978500000003,
       112.42392, 158.03334000000001, 0., 0., 0., 0., 0., 0. ]
R: !!opencv-matrix
   rows: 3
   cols: 3
   dt: d
   data: [ 0.99998247838387833, 0.0049409634352348773,
       0.003260338259741976, -0.0049915434293597641, 0.99986440754051764,
       0.015692387576226038, -0.0031823606692329438,
       -0.015708386740252798, 0.99987155133376493 ]
T: !!opencv-matrix
   rows: 3
   cols: 1
   dt: d
   data: [ -44.666086045666958, 39.568850511638296, 0.82472128520665067 ]
E: !!opencv-matrix
   rows: 3
   cols: 3
   dt: d
   data: [ -0.12180572148276916, -1.4461722659232663, 39.550826099515795,
       0.68256323927657891, -0.69755723606427933, 44.663037616848236,
       -39.345204493112782, -44.855537904756858, -0.8299253709587725 ]
F: !!opencv-matrix
   rows: 3
   cols: 3
   dt: d
   data: [ -1.016576938696438e-07, -1.2073683827243817e-06,
       0.02092977899274686, 5.2032625004318825e-07,
       -5.3193662691236971e-07, 0.020927378755141422,
       -0.021042405491142488, -0.022898761208446916, 1. ]
R1: !!opencv-matrix
   rows: 3
   cols: 3
   dt: d
   data: [ 0.75179511308321245, -0.65903690288685135,
       -0.02178229963770896, 0.65919710326648218, 0.75197016216209822,
       0.00023294417039918663, 0.016226120586225995,
       -0.014533955112587621, 0.99976271042658249 ]
R2: !!opencv-matrix
   rows: 3
   cols: 3
   dt: d
   data: [ 0.74845464551331087, -0.66304197669745057,
       -0.013819578382926308, 0.66290176962031166, 0.74858144515909641,
       -0.013677126810047647, 0.019413589153056073,
       0.0010756861328063581, 0.99981095985968282 ]
P1: !!opencv-matrix
   rows: 3
   cols: 4
   dt: d
   data: [ 658.06872753075186, 0., 660.16686630249023, 0., 0.,
       658.06872753075186, 372.66681480407715, 0., 0., 0., 1., 0. ]
P2: !!opencv-matrix
   rows: 3
   cols: 4
   dt: d
   data: [ 658.06872753075186, 0., 660.16686630249023,
       -39272.058212281336, 0., 658.06872753075186, 372.66681480407715,
       0., 0., 0., 1., 0. ]
Q: !!opencv-matrix
   rows: 4
   cols: 4
   dt: d
   data: [ 1., 0., 0., -660.16686630249023, 0., 1., 0.,
       -372.66681480407715, 0., 0., 0., 658.06872753075186, 0., 0.,
       0.016756665107125902, 0. ]
