%YAML:1.0
---
CM1: !!opencv-matrix
   rows: 3
   cols: 3
   dt: d
   data: [ 616.83812970022848, 0., 642.25920729309848, 0.,
       616.71939078669755, 363.84877417122362, 0., 0., 1. ]
CM2: !!opencv-matrix
   rows: 3
   cols: 3
   dt: d
   data: [ 488.53731242345032, 0., 327.08186499821784, 0.,
       488.33828947960109, 248.70193404588835, 0., 0., 1. ]
D1: !!opencv-matrix
   rows: 5
   cols: 1
   dt: d
   data: [ 0.077541235935845942, 0.014275508387710491,
       -0.00055438464651267315, 3.5379969641387616e-06,
       -0.12056052321668469 ]
D2: !!opencv-matrix
   rows: 5
   cols: 1
   dt: d
   data: [ -0.4641250523598191, 0.28086592833878032,
       -0.00046062891259572412, -0.00028060277750667945,
       -0.098626259941141325 ]
R: !!opencv-matrix
   rows: 3
   cols: 3
   dt: d
   data: [ 0.99996722424613327, 0.0033661548026749054,
       -0.0073633847738608605, -0.0034509798239775432,
       0.99992748428230982, -0.011537630393871994, 0.0073240133627675208,
       0.011562663131628785, 0.99990632743750874 ]
T: !!opencv-matrix
   rows: 3
   cols: 1
   dt: d
   data: [ -33.193942489009679, 1.7331509737483732, -0.65248175400128272 ]
R1: !!opencv-matrix
   rows: 3
   cols: 3
   dt: d
   data: [ 0.99873826278505451, -0.048540161219369569,
       0.012873818310389909, 0.048614688130503063, 0.99880224015790819,
       -0.0055405011973758272, -0.01258946174644662,
       0.0061593672030340225, 0.99990177900061417 ]
R2: !!opencv-matrix
   rows: 3
   cols: 3
   dt: d
   data: [ 0.99844733981103684, -0.052131800246471308,
       0.019626131236851335, 0.052016014547237491, 0.9986259672437573,
       0.0063648862591275338, -0.019930977268705945,
       -0.005334130625703648, 0.99978712894074717 ]
P1: !!opencv-matrix
   rows: 3
   cols: 4
   dt: d
   data: [ 845.22780479888593, 0., 442.41570281982422, 0., 0.,
       845.22780479888593, 287.45231246948242, 0., 0., 0., 1., 0. ]
P2: !!opencv-matrix
   rows: 3
   cols: 4
   dt: d
   data: [ 845.22780479888593, 0., 442.41570281982422,
       -28100.07300727148, 0., 845.22780479888593, 287.45231246948242,
       0., 0., 0., 1., 0. ]
Q: !!opencv-matrix
   rows: 4
   cols: 4
   dt: d
   data: [ 1., 0., 0., -442.41570281982422, 0., 1., 0.,
       -287.45231246948242, 0., 0., 0., 845.22780479888593, 0., 0.,
       0.030079203160083095, 0. ]
